Here is the calculation for the Tucker tensor: [[[[ 5.10100643  5.80186261]
   [ 4.99129859  5.53890968]
   [ 4.80561947  5.4454022 ]]

  [[ 3.48145003  3.44117511]
   [ 2.84300047  3.59675864]
   [ 3.19627907  3.27594982]]

  [[ 8.4494077   5.746398  ]
   [ 4.06876905  7.8071309 ]
   [ 7.33749349  5.73753646]]]


 [[[ 3.33961221  6.57606924]
   [ 6.5368703   0.73014512]
   [ 3.63097401  5.34938374]]

  [[ 2.38667868  3.61945962]
   [ 3.38294471  1.82517912]
   [ 2.40381302  3.1553465 ]]

  [[ 6.33187165  4.42028174]
   [ 2.79251954 11.09517187]
   [ 5.4605745   5.16818593]]]


 [[[ 3.30654779  6.59527835]
   [ 6.57138663  0.6350008 ]
   [ 3.60973992  5.35058505]]

  [[ 2.3663087   3.62510679]
   [ 3.39564197  1.79103195]
   [ 2.38946098  3.15478383]]

  [[ 6.2934687   4.39649616]
   [ 2.7687788  11.16696751]
   [ 5.42644706  5.15987497]]]].