The second term for the Kruskal tensor is: [[-2.55595915 -3.45550892]
 [-2.5740198  -3.47992588]
 [-0.99973259 -1.35158063]
 [-0.82170374 -1.11089593]
 [-0.82750998 -1.11874563]
 [-0.32139951 -0.43451354]
 [-1.61396023 -2.18198087]
 [-1.62536463 -2.19739896]
 [-0.63128107 -0.8534555 ]
 [ 4.33091368  5.85514478]
 [ 4.36151634  5.8965178 ]
 [ 1.69398464  2.29016924]
 [ 1.39232585  1.88234401]
 [ 1.40216416  1.89564483]
 [ 0.54459146  0.73625615]
 [ 2.73475515  3.69723077]
 [ 2.7540792   3.72335577]
 [ 1.06966649  1.44612721]
 [-3.54806272 -4.79677556]
 [-3.57313368 -4.83067005]
 [-1.38778193 -1.87620089]
 [-1.14065063 -1.54209368]
 [-1.14871058 -1.55299026]
 [-0.44615173 -0.60317134]
 [-2.24042397 -3.02892361]
 [-2.25625502 -3.05032627]
 [-0.87631481 -1.18472693]].